FID	IID	GHI-I-1_0201505271	GHI-I-3_0201505281	GHI-I-4_0201505291	GHI-II-1_0201505301	GHI-II-4_0201505311	GHI-II-5_0201505321	GHI-III-1_0201505331	GHI-III-4_0201505341	GHI-VI-1_0201505401	GHI-VI-3_0201505411	GHI-VI-4_0201505421	GHI-VI-5_0201505431	GHI-VIII-1_0201505461	GHI-VIII-3_0201505471	GHI-VIII-5_0201505481	GHI-IX-1_0201505491	GHI-IX-4_0201505501	GHI-XI-1_0201505561	GHI-XI-4_0201505571	GHI-XII-1_0201505581	GHI-XII-3_0201505591
GHI-I-1_0201505271	GHI-I-1_0201505271	2	1.7415	1.71654	1.4518	1.4628	1.46707	1.45804	1.46017	1.44079	1.41074	1.42092	1.43324	1.47545	1.46494	1.48727	1.48366	1.48087	1.4789	1.4876	1.47151	1.48563
GHI-I-3_0201505281	GHI-I-3_0201505281	1.7415	2	1.73592	1.45147	1.45656	1.4582	1.46461	1.46871	1.44342	1.42684	1.42979	1.4339	1.49253	1.4853	1.48037	1.49023	1.48349	1.48579	1.49154	1.47151	1.48694
GHI-I-4_0201505291	GHI-I-4_0201505291	1.71654	1.73592	2	1.46527	1.46182	1.46182	1.44063	1.44014	1.42798	1.41764	1.41337	1.42339	1.48333	1.4761	1.47348	1.46658	1.4697	1.47857	1.46822	1.46395	1.46756
GHI-II-1_0201505301	GHI-II-1_0201505301	1.4518	1.45147	1.46527	2	1.7167	1.73707	1.47282	1.47233	1.43652	1.45213	1.43702	1.43587	1.48333	1.46691	1.49516	1.46198	1.47495	1.47988	1.48859	1.48563	1.4899
GHI-II-4_0201505311	GHI-II-4_0201505311	1.4628	1.45656	1.46182	1.7167	2	1.7461	1.47824	1.48202	1.461	1.46017	1.45558	1.45673	1.48382	1.47036	1.51338	1.47233	1.47972	1.49417	1.49762	1.49893	1.50977
GHI-II-5_0201505321	GHI-II-5_0201505321	1.46707	1.4582	1.46182	1.73707	1.7461	2	1.47167	1.4807	1.46067	1.46609	1.45919	1.46494	1.49401	1.4789	1.49893	1.47758	1.49023	1.49384	1.51207	1.50616	1.50846
GHI-III-1_0201505331	GHI-III-1_0201505331	1.45804	1.46461	1.44063	1.47282	1.47824	1.47167	2	1.74035	1.45656	1.46231	1.4541	1.45558	1.49713	1.48629	1.50008	1.48103	1.49039	1.50222	1.50337	1.48859	1.50402
GHI-III-4_0201505341	GHI-III-4_0201505341	1.46017	1.46871	1.44014	1.47233	1.48202	1.4807	1.74035	2	1.47578	1.47528	1.47725	1.47019	1.50484	1.48514	1.50583	1.49532	1.49384	1.5037	1.51568	1.51043	1.51174
GHI-VI-1_0201505401	GHI-VI-1_0201505401	1.44079	1.44342	1.42798	1.43652	1.461	1.46067	1.45656	1.47578	2	1.70192	1.70258	1.72606	1.45919	1.46149	1.46477	1.45656	1.46822	1.45475	1.46477	1.4605	1.48185
GHI-VI-3_0201505411	GHI-VI-3_0201505411	1.41074	1.42684	1.41764	1.45213	1.46017	1.46609	1.46231	1.47528	1.70192	2	1.70833	1.69634	1.46527	1.45968	1.47216	1.44654	1.45985	1.45755	1.45935	1.47578	1.48399
GHI-VI-4_0201505421	GHI-VI-4_0201505421	1.42092	1.42979	1.41337	1.43702	1.45558	1.45919	1.4541	1.47725	1.70258	1.70833	2	1.73641	1.4518	1.45902	1.45968	1.44654	1.45459	1.44769	1.46198	1.45048	1.46986
GHI-VI-5_0201505431	GHI-VI-5_0201505431	1.43324	1.4339	1.42339	1.43587	1.45673	1.46494	1.45558	1.47019	1.72606	1.69634	1.73641	2	1.4674	1.46182	1.47364	1.45755	1.46724	1.45771	1.47003	1.46017	1.47988
GHI-VIII-1_0201505461	GHI-VIII-1_0201505461	1.47545	1.49253	1.48333	1.48333	1.48382	1.49401	1.49713	1.50484	1.45919	1.46527	1.4518	1.4674	2	1.72114	1.58515	1.49811	1.5009	1.51601	1.51092	1.50599	1.52603
GHI-VIII-3_0201505471	GHI-VIII-3_0201505471	1.46494	1.4853	1.4761	1.46691	1.47036	1.4789	1.48629	1.48514	1.46149	1.45968	1.45902	1.46182	1.72114	2	1.6065	1.48563	1.49105	1.49565	1.49713	1.50468	1.51651
GHI-VIII-5_0201505481	GHI-VIII-5_0201505481	1.48727	1.48037	1.47348	1.49516	1.51338	1.49893	1.50008	1.50583	1.46477	1.47216	1.45968	1.47364	1.58515	1.6065	2	1.49417	1.50156	1.50484	1.52078	1.50501	1.53227
GHI-IX-1_0201505491	GHI-IX-1_0201505491	1.48366	1.49023	1.46658	1.46198	1.47233	1.47758	1.48103	1.49532	1.45656	1.44654	1.44654	1.45755	1.49811	1.48563	1.49417	2	1.79061	1.50484	1.51421	1.49089	1.50074
GHI-IX-4_0201505501	GHI-IX-4_0201505501	1.48087	1.48349	1.4697	1.47495	1.47972	1.49023	1.49039	1.49384	1.46822	1.45985	1.45459	1.46724	1.5009	1.49105	1.50156	1.79061	2	1.50928	1.5101	1.49368	1.49499
GHI-XI-1_0201505561	GHI-XI-1_0201505561	1.4789	1.48579	1.47857	1.47988	1.49417	1.49384	1.50222	1.5037	1.45475	1.45755	1.44769	1.45771	1.51601	1.49565	1.50484	1.50484	1.50928	2	1.7374	1.52324	1.52258
GHI-XI-4_0201505571	GHI-XI-4_0201505571	1.4876	1.49154	1.46822	1.48859	1.49762	1.51207	1.50337	1.51568	1.46477	1.45935	1.46198	1.47003	1.51092	1.49713	1.52078	1.51421	1.5101	1.7374	2	1.52373	1.53654
GHI-XII-1_0201505581	GHI-XII-1_0201505581	1.47151	1.47151	1.46395	1.48563	1.49893	1.50616	1.48859	1.51043	1.4605	1.47578	1.45048	1.46017	1.50599	1.50468	1.50501	1.49089	1.49368	1.52324	1.52373	2	1.73033
GHI-XII-3_0201505591	GHI-XII-3_0201505591	1.48563	1.48694	1.46756	1.4899	1.50977	1.50846	1.50402	1.51174	1.48185	1.48399	1.46986	1.47988	1.52603	1.51651	1.53227	1.50074	1.49499	1.52258	1.53654	1.73033	2
